100
30 54
67 56
55 48
63 5
12 8
80 37
63 84
69 78
33 10
57 78
54 30
76 61
14 79
91 56
99 3
61 50
100 39
92 45
69 70
25 26
61 75
100 50
4 74
16 76
49 67
15 24
92 79
90 29
36 100
51 86
32 35
93 11
20 80
67 89
36 3
33 41
39 55
90 96
13 23
9 95
76 27
70 5
57 56
57 60
3 21
69 44
96 19
50 55
14 7
86 46
17 94
57 31
19 97
60 53
36 9
85 82
36 6
88 71
83 83
92 72
32 68
76 96
49 25
14 60
11 23
40 31
2 88
63 33
37 90
24 82
90 35
1 15
11 93
97 26
8 56
8 58
3 31
86 21
60 71
76 84
82 57
64 4
37 11
1 23
59 66
30 62
79 92
83 63
98 3
18 95
43 18
38 71
8 34
17 46
62 98
96 67
64 79
11 71
3 59
79 53
